0.000010 0.999960 0.000010 0.000010 0.000010
0.035272 0.944987 0.000010 0.019721 0.000010
0.000010 0.999960 0.000010 0.000010 0.000010
0.000010 0.993229 0.006741 0.000010 0.000010
0.052389 0.947581 0.000010 0.000010 0.000010
0.091776 0.908194 0.000010 0.000010 0.000010
0.000010 0.954855 0.045115 0.000010 0.000010
0.000010 0.997602 0.002368 0.000010 0.000010
0.000010 0.977006 0.022964 0.000010 0.000010
0.000010 0.999960 0.000010 0.000010 0.000010
0.012008 0.928554 0.000010 0.059418 0.000010
0.000010 0.999960 0.000010 0.000010 0.000010
0.000010 0.999960 0.000010 0.000010 0.000010
0.106220 0.893750 0.000010 0.000010 0.000010
0.000010 0.948057 0.051913 0.000010 0.000010
0.062862 0.937108 0.000010 0.000010 0.000010
0.018126 0.924530 0.057324 0.000010 0.000010
0.023163 0.976807 0.000010 0.000010 0.000010
0.000010 0.913293 0.086677 0.000010 0.000010
0.000010 0.979275 0.020695 0.000010 0.000010
0.000010 0.930729 0.069241 0.000010 0.000010
0.125170 0.843030 0.031779 0.000010 0.000010
0.000010 0.917398 0.082572 0.000010 0.000010
0.000010 0.999960 0.000010 0.000010 0.000010
0.000010 0.941465 0.022938 0.035577 0.000010
0.006336 0.993634 0.000010 0.000010 0.000010
0.066385 0.933585 0.000010 0.000010 0.000010
0.000010 0.957719 0.000010 0.042251 0.000010
0.017640 0.908790 0.025470 0.048090 0.000010
0.000010 0.999960 0.000010 0.000010 0.000010
0.000010 0.999960 0.000010 0.000010 0.000010
0.001044 0.938663 0.060273 0.000010 0.000010
0.030543 0.969427 0.000010 0.000010 0.000010
0.073264 0.926706 0.000010 0.000010 0.000010
0.109318 0.890652 0.000010 0.000010 0.000010
0.099607 0.900363 0.000010 0.000010 0.000010
0.000010 0.975345 0.000010 0.000010 0.024625
0.051641 0.948329 0.000010 0.000010 0.000010
0.000010 0.999960 0.000010 0.000010 0.000010
0.000010 0.939095 0.000010 0.060875 0.000010
0.000010 0.951808 0.048162 0.000010 0.000010
0.000010 0.959861 0.040109 0.000010 0.000010
0.027827 0.934596 0.000010 0.037556 0.000010
0.000010 0.999960 0.000010 0.000010 0.000010
0.037110 0.962860 0.000010 0.000010 0.000010
0.000010 0.927181 0.000010 0.072789 0.000010
0.000010 0.999960 0.000010 0.000010 0.000010
0.007903 0.992067 0.000010 0.000010 0.000010
0.074545 0.925425 0.000010 0.000010 0.000010
0.000010 0.971761 0.000010 0.000010 0.028209
0.000010 0.999960 0.000010 0.000010 0.000010
0.071085 0.928885 0.000010 0.000010 0.000010
0.001866 0.880175 0.067022 0.050927 0.000010
0.000010 0.933419 0.066551 0.000010 0.000010
0.000010 0.981762 0.018208 0.000010 0.000010
0.000010 0.999960 0.000010 0.000010 0.000010
0.000010 0.999960 0.000010 0.000010 0.000010
0.032262 0.967708 0.000010 0.000010 0.000010
0.000010 0.848122 0.030529 0.121329 0.000010
0.097596 0.890364 0.000010 0.000010 0.012020
0.000010 0.999960 0.000010 0.000010 0.000010
0.000010 0.956432 0.000010 0.043538 0.000010
0.000010 0.999960 0.000010 0.000010 0.000010
0.000010 0.975639 0.024331 0.000010 0.000010
0.000010 0.999960 0.000010 0.000010 0.000010
0.000010 0.973405 0.000010 0.026565 0.000010
0.000010 0.954270 0.045700 0.000010 0.000010
0.016663 0.983307 0.000010 0.000010 0.000010
0.000010 0.999960 0.000010 0.000010 0.000010
0.000010 0.999960 0.000010 0.000010 0.000010
0.000010 0.917483 0.082487 0.000010 0.000010
0.000010 0.999960 0.000010 0.000010 0.000010
0.000010 0.963437 0.036533 0.000010 0.000010
0.130733 0.869237 0.000010 0.000010 0.000010
0.000010 0.918517 0.000010 0.081453 0.000010
0.060807 0.939163 0.000010 0.000010 0.000010
0.000010 0.999960 0.000010 0.000010 0.000010
0.000010 0.999960 0.000010 0.000010 0.000010
0.115385 0.884585 0.000010 0.000010 0.000010
0.000010 0.965505 0.031836 0.000010 0.002639
0.000010 0.925764 0.027323 0.046893 0.000010
0.087717 0.912253 0.000010 0.000010 0.000010
0.000010 0.999960 0.000010 0.000010 0.000010
0.047799 0.952171 0.000010 0.000010 0.000010
0.000010 0.943121 0.000010 0.020601 0.036258
0.000010 0.937240 0.053760 0.008980 0.000010
0.000187 0.999783 0.000010 0.000010 0.000010
0.000010 0.938195 0.013721 0.048064 0.000010
0.200253 0.799717 0.000010 0.000010 0.000010
0.000010 0.984064 0.015906 0.000010 0.000010
0.000010 0.910827 0.089143 0.000010 0.000010
0.000010 0.944020 0.000010 0.055950 0.000010
0.118857 0.881113 0.000010 0.000010 0.000010
0.044040 0.917782 0.005830 0.000010 0.032337
0.000010 0.999960 0.000010 0.000010 0.000010
0.000010 0.999960 0.000010 0.000010 0.000010
0.000010 0.961878 0.038092 0.000010 0.000010
0.081785 0.888273 0.000010 0.000010 0.029922
0.000010 0.976944 0.000010 0.000010 0.023026
0.035637 0.875327 0.000010 0.000010 0.089016
0.100275 0.879927 0.019779 0.000010 0.000010
0.018902 0.981068 0.000010 0.000010 0.000010
0.000010 0.965474 0.000010 0.000010 0.034496
0.000010 0.960201 0.000010 0.000010 0.039769
0.000010 0.934915 0.065055 0.000010 0.000010
0.139832 0.799563 0.060586 0.000010 0.000010
0.000010 0.999960 0.000010 0.000010 0.000010
0.000010 0.999960 0.000010 0.000010 0.000010
0.000010 0.902252 0.097718 0.000010 0.000010
0.000010 0.897798 0.102172 0.000010 0.000010
0.000010 0.971536 0.028434 0.000010 0.000010
0.000010 0.949651 0.050319 0.000010 0.000010
0.016340 0.941680 0.000010 0.000010 0.041959
0.000010 0.970525 0.000574 0.000010 0.028881
0.123000 0.876970 0.000010 0.000010 0.000010
0.000010 0.967442 0.032528 0.000010 0.000010
0.000010 0.951812 0.044200 0.003969 0.000010
0.019215 0.930959 0.049806 0.000010 0.000010
0.000010 0.919353 0.000010 0.000010 0.080617
0.000010 0.973449 0.026521 0.000010 0.000010
0.030155 0.888470 0.081355 0.000010 0.000010
0.000010 0.968254 0.031716 0.000010 0.000010
0.039813 0.929747 0.000010 0.012625 0.017806
0.000010 0.946565 0.053405 0.000010 0.000010
0.000010 0.967904 0.032066 0.000010 0.000010
0.000010 0.954275 0.045695 0.000010 0.000010
0.000010 0.973400 0.026570 0.000010 0.000010
0.000010 0.843819 0.156151 0.000010 0.000010
0.000010 0.972934 0.006190 0.000010 0.020857
0.087597 0.911122 0.000010 0.000010 0.001261
0.000010 0.952888 0.047082 0.000010 0.000010
0.027286 0.922459 0.000010 0.050235 0.000010
0.020876 0.937086 0.042018 0.000010 0.000010
0.030966 0.920538 0.048476 0.000010 0.000010
0.056896 0.937769 0.000010 0.000010 0.005315
0.000010 0.877994 0.121976 0.000010 0.000010
0.000010 0.999960 0.000010 0.000010 0.000010
0.119202 0.880768 0.000010 0.000010 0.000010
0.090080 0.864819 0.045080 0.000010 0.000010
0.068350 0.897581 0.034049 0.000010 0.000010
0.000010 0.999960 0.000010 0.000010 0.000010
0.011410 0.964266 0.024304 0.000010 0.000010
0.000010 0.999960 0.000010 0.000010 0.000010
0.000010 0.978736 0.021234 0.000010 0.000010
0.000010 0.999960 0.000010 0.000010 0.000010
0.000010 0.954276 0.000010 0.000010 0.045694
0.105683 0.894287 0.000010 0.000010 0.000010
0.000010 0.957288 0.000010 0.021342 0.021350
0.049671 0.950299 0.000010 0.000010 0.000010
0.000010 0.923881 0.066887 0.000010 0.009213
0.000010 0.960717 0.039253 0.000010 0.000010
0.000010 0.907144 0.092826 0.000010 0.000010
0.032373 0.908518 0.000010 0.059089 0.000010
0.000010 0.903666 0.040625 0.055689 0.000010
0.000010 0.999960 0.000010 0.000010 0.000010
0.000010 0.936221 0.063749 0.000010 0.000010
0.042886 0.957084 0.000010 0.000010 0.000010
0.006642 0.993328 0.000010 0.000010 0.000010
0.000010 0.977181 0.022789 0.000010 0.000010
0.000010 0.999960 0.000010 0.000010 0.000010
0.009702 0.955533 0.000010 0.000010 0.034745
0.030848 0.936019 0.000010 0.033113 0.000010
0.000010 0.959066 0.000010 0.040904 0.000010
0.000010 0.951616 0.048354 0.000010 0.000010
0.000010 0.880364 0.075208 0.044409 0.000010
0.000010 0.994988 0.000010 0.004982 0.000010
0.000010 0.938358 0.061612 0.000010 0.000010
0.035828 0.865807 0.037125 0.061230 0.000010
0.000010 0.864280 0.000010 0.035540 0.100160
0.000010 0.971343 0.000010 0.000010 0.028627
0.143510 0.754917 0.000010 0.000010 0.101553
0.049412 0.885131 0.000010 0.065436 0.000010
0.077911 0.922059 0.000010 0.000010 0.000010
0.000010 0.877582 0.032121 0.090277 0.000010
0.000010 0.930342 0.069628 0.000010 0.000010
0.000010 0.978529 0.021441 0.000010 0.000010
0.000010 0.943723 0.056247 0.000010 0.000010
0.000019 0.919812 0.080149 0.000010 0.000010
0.000010 0.966661 0.031255 0.002064 0.000010
0.049729 0.914399 0.000010 0.035852 0.000010
0.063237 0.841370 0.095373 0.000010 0.000010
0.000010 0.939069 0.018976 0.020749 0.021196
0.000010 0.999960 0.000010 0.000010 0.000010
0.000010 0.947897 0.052073 0.000010 0.000010
0.199973 0.799997 0.000010 0.000010 0.000010
0.000010 0.960732 0.039238 0.000010 0.000010
0.000010 0.964963 0.035007 0.000010 0.000010
0.000010 0.966330 0.033640 0.000010 0.000010
0.080089 0.860409 0.059482 0.000010 0.000010
0.042196 0.904683 0.053101 0.000010 0.000010
0.003962 0.957350 0.038668 0.000010 0.000010
0.000010 0.999960 0.000010 0.000010 0.000010
0.082236 0.876742 0.041002 0.000010 0.000010
0.000010 0.970353 0.029617 0.000010 0.000010
0.000010 0.938315 0.000010 0.000010 0.061655
0.000010 0.928572 0.024599 0.046810 0.000010
0.025328 0.901563 0.073088 0.000010 0.000010
0.052538 0.947432 0.000010 0.000010 0.000010
0.000010 0.974595 0.025375 0.000010 0.000010
0.000010 0.929906 0.070064 0.000010 0.000010
0.000010 0.898491 0.014471 0.087018 0.000010
0.117254 0.882716 0.000010 0.000010 0.000010
0.089082 0.894556 0.000010 0.000010 0.016341
0.000010 0.873052 0.119932 0.006996 0.000010
0.000010 0.840043 0.000010 0.112188 0.047750
0.000010 0.999960 0.000010 0.000010 0.000010
0.000010 0.936898 0.063072 0.000010 0.000010
0.000010 0.957248 0.042722 0.000010 0.000010
0.114044 0.835306 0.000010 0.050630 0.000010
0.000010 0.962591 0.037379 0.000010 0.000010
0.000017 0.883283 0.069195 0.047495 0.000010
0.052211 0.903107 0.044663 0.000010 0.000010
0.000010 0.886670 0.000010 0.113300 0.000010
0.008144 0.991826 0.000010 0.000010 0.000010
0.022695 0.977275 0.000010 0.000010 0.000010
0.073348 0.926622 0.000010 0.000010 0.000010
0.000010 0.936742 0.027206 0.036033 0.000010
0.138595 0.861375 0.000010 0.000010 0.000010
0.157504 0.842466 0.000010 0.000010 0.000010
0.035441 0.884438 0.080101 0.000010 0.000010
0.000010 0.902334 0.047750 0.000010 0.049896
0.051605 0.876673 0.071701 0.000010 0.000010
0.000010 0.921751 0.078219 0.000010 0.000010
0.000010 0.912802 0.087168 0.000010 0.000010
0.036951 0.941233 0.021796 0.000010 0.000010
0.104432 0.806903 0.075036 0.013619 0.000010
0.000010 0.948411 0.051559 0.000010 0.000010
0.016573 0.846409 0.119156 0.017852 0.000010
0.000010 0.959902 0.040068 0.000010 0.000010
0.161750 0.838220 0.000010 0.000010 0.000010
0.016355 0.926121 0.000010 0.057504 0.000010
0.285244 0.714726 0.000010 0.000010 0.000010
0.002337 0.971866 0.025777 0.000010 0.000010
0.000010 0.926548 0.073422 0.000010 0.000010
0.000010 0.918555 0.081415 0.000010 0.000010
0.058091 0.854008 0.000010 0.005237 0.082654
0.036984 0.828400 0.134597 0.000010 0.000010
0.027959 0.946187 0.025834 0.000010 0.000010
0.074890 0.909017 0.000010 0.016073 0.000010
0.015359 0.944130 0.040491 0.000010 0.000010
0.021210 0.977455 0.000010 0.000010 0.001315
0.086040 0.913930 0.000010 0.000010 0.000010
0.029485 0.852438 0.112814 0.005253 0.000010
0.086734 0.880825 0.032421 0.000010 0.000010
0.081327 0.833360 0.085294 0.000010 0.000010
0.015618 0.932002 0.052360 0.000010 0.000010
0.056985 0.863668 0.079327 0.000010 0.000010
0.000010 0.999960 0.000010 0.000010 0.000010
0.130562 0.869408 0.000010 0.000010 0.000010
0.000010 0.966813 0.000010 0.033157 0.000010
0.000010 0.999960 0.000010 0.000010 0.000010
0.056079 0.913504 0.030396 0.000010 0.000010
0.000010 0.933253 0.000010 0.066717 0.000010
0.049505 0.866951 0.003793 0.079742 0.000010
0.000010 0.969073 0.000010 0.030897 0.000010
0.141072 0.858898 0.000010 0.000010 0.000010
0.000010 0.943978 0.055992 0.000010 0.000010
0.074171 0.901187 0.000010 0.000010 0.024622
0.000010 0.886249 0.000010 0.099293 0.014438
0.187611 0.766890 0.000010 0.019336 0.026154
0.107400 0.892570 0.000010 0.000010 0.000010
0.008661 0.991309 0.000010 0.000010 0.000010
0.000010 0.895640 0.053210 0.051130 0.000010
0.000010 0.926556 0.015917 0.057506 0.000010
0.023399 0.888554 0.031066 0.056972 0.000010
0.081629 0.918341 0.000010 0.000010 0.000010
0.000010 0.956004 0.043966 0.000010 0.000010
0.000010 0.931607 0.000010 0.000010 0.068363
0.000010 0.971294 0.000010 0.000010 0.028676
0.075219 0.924751 0.000010 0.000010 0.000010
0.032399 0.843855 0.123726 0.000010 0.000010
0.000010 0.999960 0.000010 0.000010 0.000010
0.083165 0.916805 0.000010 0.000010 0.000010
0.000010 0.983547 0.000010 0.000010 0.016423
0.096437 0.903533 0.000010 0.000010 0.000010
0.059048 0.940922 0.000010 0.000010 0.000010
0.044366 0.879724 0.068636 0.000010 0.007265
0.000010 0.894428 0.105542 0.000010 0.000010
0.020393 0.900227 0.079360 0.000010 0.000010
0.033168 0.966802 0.000010 0.000010 0.000010
0.056907 0.904262 0.038811 0.000010 0.000010
0.000010 0.953148 0.046822 0.000010 0.000010
0.048624 0.951346 0.000010 0.000010 0.000010
0.095080 0.817292 0.000010 0.087608 0.000010
0.000010 0.960502 0.039468 0.000010 0.000010
0.027512 0.929235 0.000010 0.000010 0.043233
0.000010 0.924108 0.000010 0.075862 0.000010
0.007847 0.903059 0.089074 0.000010 0.000010
0.000010 0.883117 0.007422 0.109441 0.000010
0.000010 0.919347 0.080623 0.000010 0.000010
0.053354 0.946616 0.000010 0.000010 0.000010
0.097937 0.899784 0.002258 0.000010 0.000010
0.060934 0.939036 0.000010 0.000010 0.000010
0.106891 0.854123 0.038966 0.000010 0.000010
0.000010 0.805457 0.043930 0.150592 0.000010
0.026070 0.896129 0.000010 0.077781 0.000010
0.149586 0.850384 0.000010 0.000010 0.000010
0.142923 0.833619 0.023438 0.000010 0.000010
0.111350 0.805109 0.083522 0.000010 0.000010
0.048079 0.895216 0.056685 0.000010 0.000010
0.000010 0.877609 0.122361 0.000010 0.000010
0.100401 0.899560 0.000019 0.000010 0.000010
0.012002 0.972603 0.015375 0.000010 0.000010
0.004237 0.983305 0.012439 0.000010 0.000010
0.041327 0.926407 0.032246 0.000010 0.000010
0.051782 0.894362 0.049145 0.004701 0.000010
0.000010 0.841508 0.158462 0.000010 0.000010
0.000010 0.944095 0.055875 0.000010 0.000010
0.000010 0.856408 0.037751 0.105821 0.000010
0.000010 0.884771 0.052548 0.062661 0.000010
0.000010 0.999960 0.000010 0.000010 0.000010
0.000010 0.960729 0.039241 0.000010 0.000010
0.000010 0.919431 0.039684 0.040865 0.000010
0.064590 0.872357 0.000010 0.063033 0.000010
0.088594 0.860277 0.051109 0.000010 0.000010
0.000010 0.986216 0.000010 0.000010 0.013754
0.090899 0.909067 0.000014 0.000010 0.000010
0.000010 0.999960 0.000010 0.000010 0.000010
0.105102 0.847369 0.047508 0.000010 0.000010
0.151788 0.848182 0.000010 0.000010 0.000010
0.000010 0.999960 0.000010 0.000010 0.000010
0.004685 0.995285 0.000010 0.000010 0.000010
0.000010 0.947232 0.046102 0.006645 0.000010
0.000010 0.916095 0.077429 0.006456 0.000010
0.040630 0.959340 0.000010 0.000010 0.000010
0.000010 0.999960 0.000010 0.000010 0.000010
0.045800 0.954170 0.000010 0.000010 0.000010
0.000010 0.903397 0.096573 0.000010 0.000010
0.000010 0.999960 0.000010 0.000010 0.000010
0.000010 0.966657 0.000010 0.000010 0.033313
0.067196 0.890994 0.000010 0.041790 0.000010
0.000010 0.947813 0.052157 0.000010 0.000010
0.132190 0.867780 0.000010 0.000010 0.000010
0.076074 0.923896 0.000010 0.000010 0.000010
0.000010 0.948977 0.050993 0.000010 0.000010
0.000010 0.915247 0.000010 0.000010 0.084723
0.035033 0.908851 0.000010 0.000010 0.056096
0.000010 0.959975 0.039995 0.000010 0.000010
0.023513 0.955009 0.000010 0.021458 0.000010
0.000010 0.953558 0.046412 0.000010 0.000010
0.000010 0.958292 0.041678 0.000010 0.000010
0.000010 0.936473 0.020530 0.000010 0.042977
0.000010 0.999960 0.000010 0.000010 0.000010
0.000010 0.965148 0.034822 0.000010 0.000010
0.106259 0.807140 0.086581 0.000010 0.000010
0.000010 0.935536 0.000010 0.064434 0.000010
0.000010 0.999960 0.000010 0.000010 0.000010
0.000010 0.999960 0.000010 0.000010 0.000010
0.000010 0.999960 0.000010 0.000010 0.000010
0.000010 0.937934 0.000010 0.062036 0.000010
0.010765 0.989205 0.000010 0.000010 0.000010
0.000010 0.999960 0.000010 0.000010 0.000010
0.109162 0.890808 0.000010 0.000010 0.000010
0.000010 0.999960 0.000010 0.000010 0.000010
0.170154 0.829816 0.000010 0.000010 0.000010
0.000010 0.999960 0.000010 0.000010 0.000010
0.000010 0.980139 0.019831 0.000010 0.000010
0.072835 0.915248 0.000010 0.011896 0.000010
0.003867 0.964854 0.031260 0.000010 0.000010
0.135160 0.864810 0.000010 0.000010 0.000010
0.000010 0.933969 0.028485 0.037526 0.000010
0.057224 0.942746 0.000010 0.000010 0.000010
0.119786 0.880184 0.000010 0.000010 0.000010
0.000010 0.992649 0.007321 0.000010 0.000010
0.045577 0.901045 0.053358 0.000010 0.000010
0.069394 0.930576 0.000010 0.000010 0.000010
0.000010 0.999960 0.000010 0.000010 0.000010
0.135371 0.762500 0.000010 0.102109 0.000010
0.011383 0.988587 0.000010 0.000010 0.000010
0.053989 0.875348 0.061519 0.009135 0.000010
0.035954 0.964016 0.000010 0.000010 0.000010
0.000010 0.961907 0.038063 0.000010 0.000010
0.000010 0.999960 0.000010 0.000010 0.000010
0.017620 0.943393 0.038968 0.000010 0.000010
0.157644 0.815596 0.026740 0.000010 0.000010
0.103135 0.896835 0.000010 0.000010 0.000010
0.078191 0.921779 0.000010 0.000010 0.000010
0.119693 0.878079 0.000010 0.000010 0.002208
0.012750 0.987220 0.000010 0.000010 0.000010
0.016722 0.922413 0.060845 0.000010 0.000010
0.037692 0.962278 0.000010 0.000010 0.000010
0.000010 0.999960 0.000010 0.000010 0.000010
0.032179 0.929843 0.000010 0.000010 0.037958
0.088598 0.885917 0.000010 0.025464 0.000010
0.000010 0.964194 0.035776 0.000010 0.000010
0.000010 0.945634 0.054336 0.000010 0.000010
0.051472 0.893250 0.055258 0.000010 0.000010
0.000010 0.939219 0.060751 0.000010 0.000010
0.000010 0.953239 0.000010 0.000010 0.046731
0.000010 0.971715 0.000010 0.028255 0.000010
0.000010 0.971232 0.000010 0.000010 0.028738
0.154024 0.827753 0.000010 0.000010 0.018203
0.040431 0.959539 0.000010 0.000010 0.000010
0.000010 0.999960 0.000010 0.000010 0.000010
0.014742 0.945951 0.039287 0.000010 0.000010
0.000010 0.999960 0.000010 0.000010 0.000010
0.000010 0.999960 0.000010 0.000010 0.000010
0.000010 0.970083 0.029887 0.000010 0.000010
0.000010 0.964668 0.035302 0.000010 0.000010
0.000010 0.967534 0.000010 0.000010 0.032436
0.000010 0.939833 0.060137 0.000010 0.000010
0.000010 0.976398 0.023572 0.000010 0.000010
0.038146 0.961824 0.000010 0.000010 0.000010
0.000010 0.999960 0.000010 0.000010 0.000010
0.000010 0.942948 0.033380 0.023652 0.000010
0.037239 0.955687 0.000019 0.000010 0.007045
0.034922 0.906693 0.058364 0.000010 0.000010
0.028657 0.946778 0.024545 0.000010 0.000010
0.000010 0.999960 0.000010 0.000010 0.000010
0.032117 0.938998 0.028865 0.000010 0.000010
0.051897 0.948073 0.000010 0.000010 0.000010
0.000010 0.999960 0.000010 0.000010 0.000010
0.000010 0.999960 0.000010 0.000010 0.000010
0.043769 0.933231 0.022981 0.000010 0.000010
0.000010 0.976577 0.023393 0.000010 0.000010
0.040474 0.959496 0.000010 0.000010 0.000010
0.000010 0.999960 0.000010 0.000010 0.000010
0.068950 0.924649 0.000010 0.006380 0.000010
0.000010 0.960763 0.039207 0.000010 0.000010
0.027130 0.972840 0.000010 0.000010 0.000010
0.072483 0.886524 0.040973 0.000010 0.000010
0.000010 0.973008 0.000010 0.000010 0.026962
0.000010 0.999960 0.000010 0.000010 0.000010
0.004588 0.915626 0.000010 0.079766 0.000010
0.000010 0.999960 0.000010 0.000010 0.000010
0.004364 0.962512 0.000010 0.033104 0.000010
0.000010 0.999960 0.000010 0.000010 0.000010
0.157653 0.842317 0.000010 0.000010 0.000010
0.000010 0.999641 0.000329 0.000010 0.000010
0.038655 0.961315 0.000010 0.000010 0.000010
0.000010 0.969970 0.030000 0.000010 0.000010
0.000010 0.934819 0.065151 0.000010 0.000010
0.000010 0.948696 0.051274 0.000010 0.000010
0.000010 0.920382 0.000010 0.079588 0.000010
0.172380 0.796068 0.031533 0.000010 0.000010
0.000010 0.992635 0.007335 0.000010 0.000010
0.000010 0.997796 0.002174 0.000010 0.000010
0.000010 0.999960 0.000010 0.000010 0.000010
0.000010 0.944811 0.055159 0.000010 0.000010
0.005696 0.994274 0.000010 0.000010 0.000010
0.000010 0.932724 0.067246 0.000010 0.000010
0.000010 0.999960 0.000010 0.000010 0.000010
0.087677 0.912293 0.000010 0.000010 0.000010
0.000010 0.999960 0.000010 0.000010 0.000010
0.000010 0.948692 0.000010 0.051278 0.000010
0.064537 0.906261 0.029182 0.000010 0.000010
0.000010 0.999960 0.000010 0.000010 0.000010
0.033133 0.966837 0.000010 0.000010 0.000010
0.000010 0.866176 0.060286 0.073518 0.000010
0.000010 0.999960 0.000010 0.000010 0.000010
0.065830 0.934140 0.000010 0.000010 0.000010
0.000010 0.967823 0.000010 0.032147 0.000010
0.000010 0.928775 0.000010 0.071023 0.000182
0.068937 0.909037 0.022006 0.000010 0.000010
0.000010 0.947017 0.052953 0.000010 0.000010
0.000010 0.999960 0.000010 0.000010 0.000010
0.010852 0.949254 0.017682 0.000010 0.022202
0.152317 0.847653 0.000010 0.000010 0.000010
0.000010 0.918632 0.000010 0.013748 0.067600
0.001441 0.962712 0.000010 0.035827 0.000010
0.010837 0.989133 0.000010 0.000010 0.000010
0.000010 0.990625 0.000010 0.009345 0.000010
0.043658 0.917886 0.000010 0.038436 0.000010
0.000010 0.889690 0.000010 0.110280 0.000010
0.000010 0.999960 0.000010 0.000010 0.000010
0.046486 0.953484 0.000010 0.000010 0.000010
0.000010 0.999956 0.000014 0.000010 0.000010
0.050950 0.948674 0.000010 0.000010 0.000356
0.029324 0.970646 0.000010 0.000010 0.000010
0.000010 0.932284 0.067686 0.000010 0.000010
0.000010 0.926877 0.073093 0.000010 0.000010
0.000010 0.999960 0.000010 0.000010 0.000010
0.000010 0.999960 0.000010 0.000010 0.000010
0.000010 0.970756 0.029214 0.000010 0.000010
0.000010 0.967384 0.032586 0.000010 0.000010
0.133669 0.866301 0.000010 0.000010 0.000010
0.000010 0.999960 0.000010 0.000010 0.000010
0.000452 0.955799 0.043729 0.000010 0.000010
0.055288 0.944682 0.000010 0.000010 0.000010
0.164734 0.835236 0.000010 0.000010 0.000010
0.000010 0.863585 0.000010 0.136385 0.000010
0.000010 0.929515 0.070455 0.000010 0.000010
0.000010 0.999960 0.000010 0.000010 0.000010
0.000010 0.974940 0.000010 0.025030 0.000010
0.000010 0.921046 0.078924 0.000010 0.000010
0.000010 0.921650 0.000010 0.078320 0.000010
0.000010 0.998007 0.001963 0.000010 0.000010
0.000010 0.999960 0.000010 0.000010 0.000010
0.000010 0.958335 0.000010 0.000010 0.041635
0.000010 0.957612 0.000010 0.000010 0.042358
0.094647 0.905323 0.000010 0.000010 0.000010
0.000010 0.998405 0.000010 0.000010 0.001565
0.012565 0.987405 0.000010 0.000010 0.000010
0.000010 0.999960 0.000010 0.000010 0.000010
0.000010 0.999960 0.000010 0.000010 0.000010
0.058483 0.941487 0.000010 0.000010 0.000010
0.000010 0.990086 0.000010 0.009884 0.000010
0.000010 0.999960 0.000010 0.000010 0.000010
0.106220 0.893750 0.000010 0.000010 0.000010
0.086347 0.913623 0.000010 0.000010 0.000010
0.000010 0.991832 0.008138 0.000010 0.000010
0.000010 0.999960 0.000010 0.000010 0.000010
0.000010 0.999960 0.000010 0.000010 0.000010
0.059577 0.940393 0.000010 0.000010 0.000010
0.016588 0.000010 0.139403 0.000010 0.843989
0.000010 0.028228 0.202326 0.000010 0.769426
0.000010 0.000010 0.158145 0.000010 0.841825
0.000010 0.027251 0.000010 0.000010 0.972719
0.000010 0.000010 0.141117 0.000010 0.858853
0.000010 0.000010 0.340096 0.036595 0.623290
0.000010 0.000010 0.373863 0.058414 0.567703
0.000010 0.031249 0.358463 0.059827 0.550451
0.048345 0.000010 0.139288 0.000010 0.812347
0.000010 0.015672 0.119740 0.000010 0.864568
0.000010 0.023019 0.304640 0.078731 0.593600
0.013629 0.000010 0.133896 0.000010 0.852455
0.035885 0.000010 0.353776 0.070627 0.539702
0.000010 0.000010 0.083225 0.000010 0.916745
0.067726 0.000010 0.205627 0.049577 0.677059
0.000010 0.000010 0.168792 0.000010 0.831178
0.000010 0.121684 0.080357 0.000010 0.797939
0.014642 0.000010 0.085982 0.000010 0.899356
0.000010 0.000010 0.334654 0.051506 0.613820
0.000010 0.070990 0.326067 0.000010 0.602922
0.006297 0.024991 0.180680 0.000010 0.788022
0.064315 0.048836 0.096002 0.000010 0.790837
0.007448 0.068647 0.211227 0.000010 0.712668
0.000010 0.027488 0.000010 0.000010 0.972482
0.000010 0.003864 0.273033 0.000010 0.723084
0.000010 0.000010 0.000010 0.133164 0.866806
0.000010 0.000010 0.220374 0.000010 0.779596
0.000010 0.000010 0.000010 0.000010 0.999960
0.138857 0.000010 0.052538 0.000010 0.808585
0.002046 0.000010 0.000010 0.185238 0.812695
0.054133 0.000010 0.187030 0.000010 0.758817
0.008120 0.000010 0.356716 0.000010 0.635144
0.000010 0.000010 0.367663 0.042321 0.589996
0.000010 0.000010 0.043668 0.081989 0.874323
0.000010 0.000010 0.253904 0.000010 0.746066
0.000010 0.000010 0.285598 0.000010 0.714372
0.000010 0.000010 0.000010 0.000010 0.999960
0.000010 0.069379 0.111285 0.000010 0.819316
0.000010 0.000010 0.075551 0.000010 0.924419
0.007878 0.084575 0.013366 0.000010 0.894172
0.000010 0.000010 0.403477 0.091648 0.504855
0.038124 0.000010 0.000010 0.033923 0.927934
0.000010 0.000010 0.275748 0.000010 0.724222
0.000010 0.000010 0.180167 0.011745 0.808068
0.052742 0.000010 0.458549 0.000010 0.488689
0.148042 0.000010 0.061265 0.036384 0.754299
0.000010 0.000010 0.101702 0.000010 0.898268
0.078943 0.000010 0.176092 0.000010 0.744945
0.000010 0.027107 0.233441 0.059846 0.679596
0.000010 0.000010 0.163367 0.000010 0.836603
0.106248 0.070839 0.131326 0.000010 0.691578
0.031501 0.000010 0.216460 0.000010 0.752019
0.000010 0.000010 0.316490 0.000010 0.683480
0.000010 0.029142 0.219468 0.073456 0.677923
0.157563 0.000010 0.221032 0.000010 0.621385
0.098782 0.000010 0.060298 0.000010 0.840900
0.000010 0.047701 0.409180 0.000010 0.543099
0.023427 0.000010 0.214058 0.000010 0.762495
0.013342 0.000010 0.134064 0.000010 0.852575
0.000010 0.032167 0.126301 0.000010 0.841512
0.000010 0.000010 0.231709 0.022495 0.745776
0.000010 0.000010 0.546892 0.000010 0.453078
0.000010 0.000010 0.259696 0.093341 0.646944
0.094780 0.000010 0.111608 0.000010 0.793592
0.000010 0.000010 0.313451 0.000010 0.686519
0.000010 0.000010 0.185185 0.000010 0.814785
0.037215 0.031112 0.249441 0.000825 0.681407
0.209248 0.013460 0.224542 0.000010 0.552740
0.003500 0.076046 0.109820 0.000010 0.810623
0.021267 0.000010 0.168868 0.000010 0.809845
0.027563 0.000010 0.097370 0.061937 0.813120
0.072420 0.000010 0.237283 0.000010 0.690277
0.000010 0.000010 0.191933 0.000010 0.808037
0.126783 0.000010 0.154129 0.000010 0.719068
0.000010 0.035049 0.119733 0.000010 0.845198
0.000010 0.000010 0.108186 0.045602 0.846193
0.000010 0.000010 0.280457 0.023398 0.696125
0.116764 0.000010 0.065173 0.000010 0.818043
0.000010 0.090323 0.206216 0.000010 0.703440
0.000010 0.000010 0.221623 0.004552 0.773805
0.000010 0.015363 0.310465 0.060992 0.613170
0.000010 0.000010 0.231383 0.044398 0.724199
0.000010 0.025504 0.000010 0.000010 0.974466
0.000010 0.000010 0.046086 0.000010 0.953884
0.084866 0.063050 0.000010 0.000010 0.852064
0.000010 0.012556 0.113513 0.049374 0.824547
0.135912 0.000010 0.000010 0.000010 0.864058
0.017290 0.000010 0.253989 0.000010 0.728700
0.013300 0.000010 0.352137 0.000010 0.634543
0.106030 0.098943 0.000010 0.000010 0.795007
0.000010 0.040768 0.105686 0.000010 0.853526
0.078044 0.000010 0.219206 0.000010 0.702729
0.064719 0.017052 0.000010 0.000010 0.918210
0.032125 0.039192 0.236929 0.000010 0.691744
0.106145 0.015473 0.000019 0.000010 0.878353
0.094414 0.000010 0.000010 0.000010 0.905556
0.000010 0.000010 0.239606 0.000010 0.760364
0.095073 0.052027 0.267433 0.019955 0.565513
0.148152 0.000010 0.000010 0.062819 0.789008
0.039699 0.000010 0.018734 0.000010 0.941547
0.000010 0.000010 0.000010 0.104443 0.895527
0.000010 0.039294 0.257167 0.023579 0.679950
0.000010 0.000010 0.263754 0.134553 0.601673
0.061905 0.000010 0.049856 0.094502 0.793727
0.099611 0.000010 0.000010 0.000010 0.900359
0.000010 0.040487 0.052712 0.034969 0.871823
0.102056 0.000010 0.075818 0.000010 0.822106
0.011460 0.000010 0.229961 0.000010 0.758559
0.059105 0.000010 0.064814 0.000010 0.876061
0.042385 0.000010 0.000010 0.000010 0.957585
0.305616 0.031065 0.000010 0.000010 0.663299
0.000010 0.000010 0.324735 0.065318 0.609926
0.232074 0.000010 0.126493 0.000010 0.641413
0.000010 0.029602 0.045171 0.000010 0.925207
0.000010 0.000010 0.000010 0.000010 0.999960
0.000010 0.000010 0.291327 0.000010 0.708643
0.000010 0.082633 0.193814 0.000010 0.723533
0.000010 0.000010 0.299809 0.134363 0.565808
0.177999 0.000010 0.000010 0.000010 0.821971
0.000010 0.000010 0.000010 0.109569 0.890401
0.000010 0.029412 0.000010 0.156368 0.814200
0.000010 0.061107 0.158381 0.000010 0.780492
0.000010 0.000010 0.127986 0.062177 0.809817
0.000010 0.002558 0.095321 0.100333 0.801777
0.032495 0.000010 0.290524 0.000010 0.676961
0.273174 0.000010 0.094861 0.000010 0.631945
0.000010 0.000010 0.054646 0.083826 0.861508
0.000010 0.009406 0.074837 0.093238 0.822510
0.077496 0.000010 0.173892 0.000010 0.748592
0.097647 0.113451 0.000010 0.000010 0.788881
0.000010 0.010136 0.201781 0.012540 0.775533
0.000010 0.000010 0.209492 0.130180 0.660308
0.018818 0.001544 0.000010 0.000010 0.979617
0.155414 0.000010 0.000010 0.000010 0.844556
0.163683 0.000010 0.000010 0.000010 0.836287
0.139298 0.005126 0.000010 0.000010 0.855556
0.000010 0.000010 0.109074 0.077839 0.813068
0.000010 0.006844 0.093009 0.000010 0.900127
0.118788 0.000010 0.000010 0.011142 0.870050
0.000010 0.000010 0.202651 0.064828 0.732501
0.000010 0.024199 0.173884 0.096966 0.704941
0.179742 0.000010 0.000010 0.000010 0.820228
0.000010 0.000010 0.242313 0.000010 0.757657
0.110775 0.027159 0.000010 0.000010 0.862046
0.134920 0.000010 0.098747 0.000010 0.766313
0.021224 0.038968 0.180138 0.000010 0.759660
0.037647 0.031842 0.043604 0.000010 0.886897
0.000010 0.019243 0.032506 0.084327 0.863914
0.000010 0.006509 0.272492 0.052788 0.668201
0.000010 0.000010 0.160069 0.140572 0.699340
0.000010 0.000010 0.102412 0.000010 0.897558
0.000010 0.039402 0.072995 0.000010 0.887583
0.000010 0.000010 0.088137 0.191845 0.719998
0.012480 0.000010 0.249165 0.105856 0.632489
0.000010 0.023948 0.088693 0.127823 0.759526
0.147531 0.000010 0.039118 0.000010 0.813331
0.000010 0.000010 0.390866 0.000010 0.609104
0.012758 0.000010 0.121046 0.000010 0.866176
0.000010 0.000010 0.000010 0.111225 0.888745
0.048507 0.000010 0.017951 0.000010 0.933523
0.045317 0.000010 0.000010 0.000010 0.954653
0.222938 0.000010 0.000010 0.000010 0.777032
0.000010 0.000010 0.052600 0.188332 0.759048
0.062269 0.000010 0.214822 0.000010 0.722889
0.113107 0.000010 0.189185 0.000010 0.697688
0.000010 0.000010 0.247400 0.000010 0.752570
0.026965 0.000010 0.183537 0.000010 0.789478
0.206382 0.000010 0.099355 0.000010 0.694244
0.116976 0.000010 0.020458 0.000010 0.862546
0.000010 0.000010 0.237174 0.000010 0.762796
0.000010 0.000010 0.000010 0.000010 0.999960
0.229775 0.000010 0.000010 0.000010 0.770195
0.000010 0.029057 0.189297 0.104683 0.676953
0.000010 0.036560 0.039178 0.000010 0.924242
0.000010 0.034249 0.132239 0.075955 0.757547
0.060374 0.058803 0.065464 0.000010 0.815349
0.261462 0.000010 0.000010 0.000010 0.738508
0.000010 0.000010 0.161993 0.103173 0.734814
0.017755 0.000010 0.000010 0.140857 0.841368
0.000010 0.023871 0.143481 0.127617 0.705021
0.034074 0.000010 0.114382 0.031749 0.819785
0.000010 0.000010 0.170790 0.000010 0.829180
0.000010 0.000010 0.002264 0.044549 0.953167
0.000010 0.000010 0.141797 0.062322 0.795861
0.055947 0.000010 0.120092 0.066475 0.757476
0.000010 0.000010 0.221682 0.052293 0.726005
0.000010 0.012008 0.194903 0.049726 0.743353
0.123169 0.000010 0.066203 0.000010 0.810608
0.153443 0.000010 0.033719 0.000010 0.812818
0.088710 0.000010 0.000010 0.105062 0.806207
0.000010 0.016154 0.154298 0.032488 0.797050
0.172353 0.000010 0.171749 0.019970 0.635918
0.076409 0.000010 0.000010 0.000010 0.923561
0.000010 0.000010 0.232222 0.035080 0.732678
0.132898 0.000010 0.075749 0.000010 0.791333
0.000010 0.000010 0.283947 0.099991 0.616043
0.013662 0.010579 0.000010 0.019603 0.956146
0.000010 0.000010 0.000010 0.071786 0.928184
0.000010 0.000010 0.000010 0.000010 0.999960
0.000010 0.012981 0.298175 0.000010 0.688824
0.048648 0.000010 0.000010 0.000010 0.951322
0.007237 0.000010 0.168644 0.000010 0.824099
0.000010 0.000010 0.257732 0.000010 0.742238
0.074322 0.000010 0.391780 0.000010 0.533878
0.000010 0.000010 0.030854 0.076781 0.892346
0.098757 0.013047 0.147340 0.000010 0.740845
0.000010 0.000010 0.102964 0.000010 0.897006
0.023858 0.000010 0.000010 0.028867 0.947255
0.000010 0.000010 0.330397 0.036421 0.633162
0.130173 0.000010 0.000010 0.083946 0.785861
0.113089 0.000010 0.000010 0.000010 0.886881
0.137396 0.000015 0.221517 0.000010 0.641063
0.075051 0.000010 0.102252 0.000010 0.822678
0.000010 0.000010 0.168306 0.000010 0.831664
0.000010 0.000010 0.000010 0.075698 0.924272
0.222726 0.000010 0.441478 0.000010 0.335777
0.074668 0.000010 0.375662 0.000010 0.549650
0.084930 0.000010 0.000010 0.000010 0.915040
0.000010 0.000010 0.063245 0.024465 0.912270
0.000010 0.049730 0.135314 0.000010 0.814935
0.000010 0.000010 0.345057 0.000010 0.654913
0.000010 0.022586 0.238888 0.000010 0.738506
0.130628 0.000010 0.127297 0.000010 0.742055
0.269828 0.018960 0.000010 0.000010 0.711191
0.169599 0.000010 0.085786 0.000010 0.744596
0.027058 0.000010 0.131567 0.000010 0.841355
0.137179 0.000010 0.069764 0.000010 0.793037
0.016246 0.000010 0.241783 0.000010 0.741951
0.000010 0.000010 0.359823 0.000010 0.640147
0.131805 0.004700 0.270229 0.000010 0.593255
0.000010 0.000010 0.000010 0.065958 0.934012
0.000010 0.000010 0.171743 0.000010 0.828227
0.040848 0.000010 0.207552 0.000010 0.751580
0.125778 0.000010 0.000010 0.000010 0.874192
0.000010 0.000010 0.128299 0.000010 0.871671
0.000010 0.039461 0.058153 0.000010 0.902366
0.000010 0.037506 0.164474 0.000010 0.798000
0.042049 0.065673 0.000010 0.000010 0.892258
0.246731 0.000010 0.020100 0.000010 0.733148
0.000010 0.000010 0.284767 0.000010 0.715203
0.001640 0.000010 0.047660 0.102693 0.847997
0.224689 0.000010 0.109929 0.000010 0.665362
0.000010 0.000010 0.156719 0.058469 0.784792
0.000010 0.000010 0.067704 0.061541 0.870735
0.148299 0.000010 0.000010 0.000010 0.851671
0.000010 0.021445 0.230279 0.000010 0.748256
0.083211 0.028234 0.271495 0.000010 0.617051
0.052346 0.022800 0.000010 0.049456 0.875388
0.000010 0.000010 0.219695 0.063897 0.716388
0.000010 0.057612 0.328660 0.000010 0.613708
0.000010 0.000010 0.393395 0.000010 0.606575
0.000010 0.050722 0.071259 0.000010 0.877999
0.018708 0.000010 0.083104 0.000010 0.898167
0.000010 0.015982 0.207374 0.047524 0.729110
0.000010 0.020720 0.054426 0.000010 0.924834
0.057812 0.016204 0.057047 0.000010 0.868927
0.000010 0.000010 0.138725 0.000010 0.861245
0.000010 0.045941 0.123334 0.080756 0.749959
0.030678 0.000010 0.322698 0.000010 0.646604
0.073592 0.000010 0.124074 0.000010 0.802313
0.001706 0.090209 0.000010 0.000010 0.908065
0.000010 0.000010 0.152000 0.000010 0.847970
0.033149 0.000010 0.298878 0.000010 0.667953
0.000010 0.000010 0.045164 0.000010 0.954806
0.000010 0.000010 0.189353 0.000010 0.810617
0.000010 0.051966 0.265837 0.000010 0.682177
0.070100 0.002173 0.107319 0.000010 0.820397
0.014902 0.011836 0.000010 0.113241 0.860011
0.000010 0.022028 0.126370 0.000010 0.851582
0.099342 0.000010 0.015768 0.000010 0.884871
0.106912 0.065641 0.012840 0.000010 0.814597
0.075920 0.000010 0.000010 0.000010 0.924050
0.063437 0.000010 0.112381 0.000010 0.824162
0.000010 0.133038 0.079276 0.000010 0.787667
0.117398 0.000010 0.346339 0.000010 0.536244
0.023271 0.000010 0.331795 0.000010 0.644914
0.000010 0.000010 0.389173 0.000010 0.610797
0.021989 0.017470 0.286071 0.000576 0.673894
0.024835 0.000010 0.288409 0.000010 0.686735
0.000010 0.000010 0.365121 0.082126 0.552733
0.000010 0.012572 0.178023 0.087599 0.721795
0.000010 0.000010 0.363458 0.000010 0.636512
0.047313 0.000010 0.284535 0.000010 0.668132
0.000010 0.045105 0.244825 0.042178 0.667882
0.219015 0.024505 0.084801 0.000010 0.671669
0.000010 0.000010 0.299385 0.073159 0.627436
0.017308 0.000010 0.285947 0.006669 0.690066
0.000010 0.034338 0.100999 0.000010 0.864643
0.000010 0.035611 0.215336 0.000010 0.749033
0.000010 0.164636 0.184442 0.019370 0.631542
0.017467 0.000010 0.266620 0.110661 0.605241
0.021463 0.000010 0.372149 0.000010 0.606369
0.000010 0.112670 0.000010 0.090714 0.796596
0.127774 0.000010 0.542836 0.000010 0.329370
0.000010 0.008631 0.653333 0.090793 0.247232
0.000010 0.031692 0.348996 0.000010 0.619292
0.000010 0.012223 0.379960 0.000010 0.607797
0.085180 0.000010 0.423427 0.000010 0.491374
0.000010 0.000010 0.358407 0.000010 0.641563
0.077286 0.000010 0.453241 0.000010 0.469454
0.059173 0.049916 0.170932 0.000010 0.719969
0.000010 0.000010 0.107382 0.099122 0.793476
0.151234 0.000010 0.150907 0.000010 0.697838
0.141674 0.000010 0.155191 0.000010 0.703115
0.006046 0.000010 0.154251 0.000010 0.839684
0.160357 0.115806 0.102803 0.000010 0.621025
0.000010 0.035883 0.403430 0.172749 0.387928
0.033085 0.118149 0.362590 0.000010 0.486167
0.000010 0.000010 0.419461 0.094477 0.486042
0.176469 0.000010 0.219926 0.000010 0.603585
0.000010 0.000010 0.582031 0.000010 0.417939
0.000010 0.057361 0.536288 0.000010 0.406331
0.077269 0.040507 0.215167 0.000010 0.667047
0.000010 0.039759 0.272623 0.013641 0.673968
0.034067 0.050096 0.327584 0.000010 0.588242
0.000010 0.057698 0.340176 0.000010 0.602107
0.002643 0.000010 0.355197 0.000010 0.642140
0.000010 0.093156 0.304450 0.000010 0.602375
0.000010 0.115171 0.069058 0.147692 0.668069
0.043549 0.061450 0.392566 0.000010 0.502424
0.000010 0.090584 0.575266 0.000010 0.334130
0.000010 0.047546 0.265367 0.000010 0.687066
0.000010 0.000010 0.431034 0.103848 0.465097
0.000010 0.038569 0.782015 0.000010 0.179396
0.056499 0.040356 0.338651 0.000010 0.564484
0.238742 0.000010 0.142895 0.000010 0.618343
0.119915 0.000010 0.400782 0.000010 0.479283
0.114234 0.000010 0.161988 0.000010 0.723758
0.242669 0.000010 0.216347 0.000010 0.540965
0.030252 0.000010 0.309935 0.000010 0.659793
0.051571 0.101353 0.225322 0.000010 0.621744
0.000306 0.068589 0.411562 0.000010 0.519534
0.000010 0.003318 0.325624 0.000010 0.671037
0.000010 0.000010 0.604137 0.000010 0.395833
0.050274 0.045558 0.572505 0.000010 0.331652
0.000010 0.106860 0.069405 0.084531 0.739194
0.000010 0.047323 0.506450 0.000010 0.446207
0.073536 0.000010 0.309195 0.000010 0.617250
0.000010 0.000010 0.540271 0.019793 0.439915
0.000010 0.040769 0.376629 0.039050 0.543542
0.175230 0.000010 0.451332 0.000010 0.373418
0.114590 0.000010 0.657575 0.000010 0.227815
0.000010 0.037334 0.328718 0.000010 0.633929
0.000010 0.023199 0.338922 0.076805 0.561064
0.006500 0.035105 0.511568 0.000010 0.446818
0.000010 0.084254 0.316179 0.000010 0.599546
0.151042 0.035031 0.188163 0.000010 0.625754
0.000010 0.144825 0.254712 0.000010 0.600443
0.000010 0.000010 0.386748 0.058195 0.555037
0.297831 0.079658 0.000010 0.008700 0.613801
0.150668 0.103029 0.284816 0.000010 0.461477
0.119310 0.060907 0.056435 0.000010 0.763338
0.000010 0.042725 0.609275 0.110105 0.237885
0.000010 0.045368 0.250297 0.000010 0.704316
0.009127 0.000010 0.191631 0.065528 0.733704
0.000010 0.105202 0.361547 0.000010 0.533232
0.000010 0.098284 0.476679 0.042112 0.382914
0.000010 0.000010 0.167414 0.042743 0.789822
0.136455 0.119919 0.429328 0.000010 0.314288
0.000010 0.101189 0.458430 0.000010 0.440362
0.105009 0.052123 0.442558 0.000010 0.400301
0.000010 0.000010 0.467613 0.108135 0.424233
0.050189 0.000010 0.363751 0.000010 0.586040
0.000010 0.000010 0.343601 0.107820 0.548559
0.000010 0.061455 0.408623 0.098538 0.431374
0.138690 0.000010 0.000010 0.000010 0.861280
0.017361 0.000010 0.495580 0.104353 0.382695
0.122019 0.022157 0.553016 0.000010 0.302798
0.000010 0.037534 0.287169 0.000010 0.675278
0.079949 0.000010 0.365078 0.000010 0.554953
0.131804 0.000010 0.303620 0.000010 0.564556
0.000010 0.038956 0.420464 0.000010 0.540561
0.000010 0.000010 0.502648 0.000010 0.497322
0.082617 0.000010 0.093174 0.000010 0.824190
0.022142 0.076183 0.128656 0.000010 0.773010
0.232950 0.000010 0.009626 0.000010 0.757404
0.059141 0.000010 0.226476 0.018093 0.696280
0.000010 0.041506 0.399799 0.010815 0.547871
0.000010 0.009677 0.100856 0.112077 0.777380
0.000010 0.127875 0.379416 0.000010 0.492689
0.097146 0.064113 0.227072 0.000010 0.611660
0.057177 0.096185 0.140053 0.051644 0.654941
0.000010 0.059970 0.360967 0.050006 0.529048
0.036575 0.086694 0.363500 0.000010 0.513221
