0.49 0.481 0.029
0.453 0.435 0.112
0.476 0.497 0.027
0.438 0.462 0.1
0.465 0.479 0.056
0.087 0.087 0.826
0.432 0.523 0.044
0.473 0.504 0.023
0.447 0.456 0.097
0.523 0.459 0.018
0.52 0.453 0.027
0.458 0.465 0.077
0.467 0.486 0.048
0.487 0.497 0.016
0.499 0.455 0.046
0.473 0.501 0.027
0.517 0.462 0.021
0.486 0.476 0.038
0.482 0.449 0.069
0.46 0.485 0.055
0.472 0.473 0.056
0.514 0.459 0.026
0.477 0.456 0.067
0.465 0.49 0.045
0.477 0.451 0.072
0.491 0.476 0.033
0.455 0.477 0.068
0.444 0.461 0.095
0.481 0.501 0.018
0.478 0.483 0.039
0.473 0.495 0.032
0.326 0.34 0.334
0.475 0.452 0.073
0.491 0.48 0.028
0.466 0.499 0.034
0.475 0.451 0.075
0.405 0.455 0.14
0.328 0.342 0.33
0.322 0.349 0.329
0.482 0.501 0.017
0.138 0.133 0.729
0.485 0.475 0.039
0.479 0.452 0.069
0.352 0.347 0.301
0.373 0.388 0.239
0.512 0.452 0.037
0.078 0.081 0.841
0.48 0.466 0.053
0.398 0.396 0.206
0.342 0.348 0.309
0.401 0.388 0.211
0.496 0.459 0.045
0.334 0.338 0.328
0.498 0.471 0.031
0.449 0.434 0.117
0.515 0.467 0.019
0.464 0.476 0.06
0.494 0.473 0.033
0.465 0.515 0.02
0.501 0.474 0.025
0.466 0.509 0.024
0.487 0.475 0.038
0.47 0.497 0.033
0.475 0.509 0.016
0.472 0.489 0.039
0.456 0.445 0.099
0.42 0.419 0.161
0.446 0.452 0.102
0.5 0.477 0.023
0.449 0.434 0.117
0.314 0.29 0.396
0.469 0.462 0.069
0.49 0.474 0.036
0.466 0.49 0.045
0.066 0.067 0.866
0.362 0.391 0.247
0.495 0.48 0.024
0.456 0.474 0.07
0.46 0.481 0.059
0.467 0.455 0.078
0.505 0.472 0.024
0.465 0.466 0.069
0.457 0.454 0.089
0.414 0.35 0.236
0.308 0.302 0.39
0.486 0.489 0.025
0.539 0.441 0.02
0.474 0.458 0.068
0.517 0.459 0.024
0.423 0.385 0.191
0.354 0.311 0.336
0.462 0.494 0.044
0.486 0.467 0.047
0.516 0.461 0.023
0.498 0.465 0.037
0.468 0.464 0.068
0.475 0.454 0.072
0.46 0.479 0.061
0.477 0.487 0.037
0.481 0.469 0.05
0.05 0.047 0.903
0.071 0.073 0.855
0.147 0.141 0.713
0.026 0.028 0.946
0.086 0.098 0.815
0.078 0.071 0.851
0.065 0.068 0.868
0.033 0.031 0.936
0.028 0.024 0.947
0.251 0.245 0.504
0.139 0.151 0.709
0.033 0.031 0.936
0.096 0.104 0.801
0.018 0.022 0.961
0.018 0.019 0.963
0.072 0.089 0.84
0.247 0.282 0.471
0.401 0.451 0.149
0.119 0.122 0.76
0.11 0.085 0.805
0.047 0.05 0.903
0.022 0.021 0.957
0.023 0.024 0.952
0.036 0.034 0.931
0.023 0.02 0.957
0.019 0.02 0.961
0.035 0.033 0.932
0.028 0.024 0.948
0.147 0.135 0.718
0.023 0.022 0.955
0.188 0.174 0.638
0.049 0.047 0.903
0.042 0.044 0.914
0.07 0.07 0.86
0.032 0.036 0.932
0.016 0.013 0.972
0.306 0.289 0.406
0.038 0.037 0.925
0.045 0.052 0.903
0.022 0.023 0.955
0.143 0.163 0.694
0.118 0.114 0.767
0.016 0.018 0.966
0.25 0.255 0.495
0.037 0.035 0.927
0.052 0.062 0.886
0.345 0.331 0.324
0.012 0.014 0.973
0.191 0.172 0.637
0.148 0.136 0.716
