0.447 0.27 0.284
0.564 0.222 0.214
0.531 0.243 0.227
0.544 0.233 0.223
0.501 0.252 0.247
0.303 0.311 0.386
0.216 0.4 0.384
0.212 0.416 0.372
0.563 0.209 0.228
0.416 0.269 0.315
0.68 0.151 0.169
0.437 0.255 0.308
0.355 0.345 0.3
0.777 0.11 0.113
0.499 0.241 0.26
0.711 0.141 0.148
0.485 0.236 0.28
0.487 0.251 0.262
0.3 0.33 0.369
0.476 0.273 0.251
0.632 0.186 0.182
0.627 0.182 0.191
0.467 0.265 0.268
0.595 0.204 0.201
0.606 0.186 0.209
0.473 0.259 0.268
0.759 0.124 0.117
0.68 0.162 0.157
0.651 0.179 0.17
0.375 0.305 0.32
0.592 0.196 0.212
0.456 0.294 0.25
0.332 0.339 0.33
0.576 0.213 0.211
0.56 0.222 0.218
0.535 0.246 0.219
0.773 0.11 0.117
0.5 0.234 0.266
0.704 0.148 0.148
0.402 0.313 0.285
0.285 0.327 0.388
0.663 0.165 0.171
0.656 0.168 0.176
0.453 0.259 0.288
0.601 0.207 0.192
0.514 0.226 0.26
0.503 0.25 0.247
0.526 0.233 0.241
0.734 0.127 0.139
0.69 0.158 0.152
0.262 0.319 0.418
0.573 0.202 0.225
0.389 0.297 0.314
0.504 0.229 0.268
0.348 0.301 0.351
0.606 0.19 0.204
0.272 0.368 0.36
0.652 0.167 0.181
0.675 0.16 0.165
0.695 0.147 0.158
0.541 0.22 0.239
0.339 0.352 0.308
0.428 0.283 0.289
0.285 0.381 0.334
0.608 0.197 0.195
0.572 0.219 0.21
0.482 0.248 0.27
0.473 0.258 0.269
0.522 0.231 0.248
0.578 0.199 0.223
0.38 0.316 0.304
0.469 0.278 0.253
0.627 0.185 0.188
0.398 0.276 0.326
0.496 0.253 0.251
0.43 0.302 0.267
0.449 0.256 0.295
0.307 0.373 0.321
0.396 0.3 0.304
0.54 0.235 0.225
0.54 0.211 0.248
0.47 0.248 0.282
0.666 0.169 0.166
0.596 0.195 0.209
0.565 0.212 0.222
0.648 0.17 0.181
0.591 0.199 0.21
0.628 0.176 0.196
0.631 0.183 0.186
0.408 0.298 0.294
0.541 0.231 0.229
0.591 0.206 0.203
0.525 0.25 0.225
0.257 0.327 0.417
0.353 0.329 0.318
0.612 0.199 0.189
0.657 0.169 0.173
0.445 0.261 0.294
0.466 0.266 0.268
0.15 0.421 0.429
0.184 0.45 0.366
0.336 0.327 0.337
0.259 0.33 0.411
0.235 0.363 0.402
0.218 0.381 0.401
0.255 0.326 0.418
0.219 0.387 0.394
0.218 0.425 0.357
0.426 0.278 0.296
0.253 0.381 0.366
0.535 0.219 0.245
0.483 0.259 0.257
0.279 0.364 0.357
0.191 0.438 0.371
0.573 0.212 0.215
0.115 0.436 0.448
0.221 0.365 0.414
0.165 0.385 0.45
0.152 0.424 0.424
0.301 0.338 0.361
0.377 0.301 0.321
0.329 0.331 0.34
0.273 0.372 0.354
0.288 0.332 0.381
0.202 0.389 0.409
0.227 0.433 0.34
0.195 0.445 0.36
0.319 0.292 0.389
0.195 0.356 0.449
0.132 0.449 0.419
0.165 0.337 0.498
0.216 0.388 0.397
0.227 0.349 0.424
0.171 0.395 0.434
0.417 0.273 0.31
0.273 0.371 0.356
0.195 0.421 0.384
0.202 0.35 0.448
0.122 0.43 0.448
0.306 0.327 0.367
0.161 0.417 0.421
0.096 0.498 0.407
0.279 0.353 0.368
0.349 0.325 0.326
0.193 0.405 0.402
0.244 0.357 0.399
0.411 0.274 0.315
0.288 0.38 0.332
0.2 0.372 0.429
0.395 0.292 0.312
0.323 0.342 0.335
0.224 0.41 0.366
0.199 0.392 0.409
0.383 0.303 0.314
0.186 0.401 0.413
0.163 0.4 0.437
0.42 0.289 0.291
0.334 0.303 0.363
0.468 0.264 0.268
0.177 0.346 0.478
0.122 0.374 0.504
0.412 0.283 0.305
0.102 0.444 0.455
0.348 0.313 0.34
0.368 0.305 0.327
0.337 0.301 0.363
0.101 0.415 0.483
0.5 0.23 0.269
0.337 0.293 0.37
0.114 0.431 0.455
0.277 0.372 0.351
0.334 0.318 0.347
0.49 0.255 0.255
0.18 0.389 0.431
0.14 0.437 0.422
0.51 0.251 0.238
0.141 0.427 0.432
0.165 0.44 0.396
0.64 0.18 0.18
0.301 0.371 0.328
0.377 0.304 0.319
0.315 0.323 0.363
0.287 0.373 0.34
0.374 0.31 0.317
0.545 0.211 0.244
0.194 0.401 0.404
0.381 0.295 0.324
0.188 0.429 0.382
0.426 0.289 0.285
0.204 0.328 0.468
0.266 0.341 0.393
0.126 0.434 0.44
0.125 0.444 0.431
0.109 0.462 0.429
0.263 0.336 0.401
0.173 0.424 0.403
0.274 0.359 0.367
0.247 0.359 0.395
0.157 0.41 0.433
0.506 0.238 0.255
0.309 0.339 0.352
0.137 0.455 0.409
0.397 0.283 0.321
0.318 0.358 0.324
0.359 0.293 0.348
0.275 0.317 0.408
0.275 0.39 0.336
0.233 0.382 0.386
0.107 0.436 0.457
0.359 0.348 0.294
0.241 0.406 0.353
0.353 0.311 0.336
0.333 0.337 0.33
0.149 0.395 0.456
0.339 0.333 0.327
0.164 0.367 0.469
0.287 0.344 0.369
0.474 0.268 0.258
0.201 0.398 0.401
0.159 0.47 0.371
0.274 0.385 0.341
0.148 0.446 0.406
0.239 0.388 0.373
0.228 0.449 0.323
0.228 0.37 0.403
0.304 0.37 0.327
0.265 0.34 0.395
0.194 0.404 0.402
0.168 0.43 0.401
0.39 0.33 0.281
0.173 0.403 0.424
0.167 0.414 0.419
0.163 0.405 0.432
0.264 0.367 0.369
0.356 0.331 0.313
0.351 0.352 0.297
0.243 0.393 0.364
0.253 0.372 0.375
0.172 0.433 0.394
0.268 0.4 0.332
0.172 0.458 0.37
0.41 0.313 0.277
0.256 0.391 0.353
0.119 0.428 0.453
0.175 0.42 0.405
0.21 0.381 0.409
0.216 0.411 0.373
0.388 0.285 0.327
0.15 0.486 0.364
0.383 0.315 0.302
0.115 0.453 0.433
0.234 0.418 0.348
0.329 0.35 0.32
0.258 0.375 0.367
0.179 0.414 0.407
0.172 0.414 0.414
0.231 0.406 0.363
0.194 0.442 0.363
0.186 0.441 0.373
0.446 0.283 0.271
0.147 0.374 0.479
0.128 0.458 0.413
0.196 0.366 0.437
0.232 0.388 0.38
0.33 0.35 0.32
0.319 0.363 0.317
0.101 0.445 0.454
0.124 0.418 0.458
0.199 0.407 0.394
0.124 0.477 0.399
0.36 0.326 0.314
0.166 0.422 0.412
0.239 0.371 0.39
0.216 0.394 0.39
0.176 0.463 0.361
0.258 0.362 0.38
0.156 0.431 0.413
0.242 0.396 0.362
0.358 0.328 0.313
0.335 0.338 0.327
0.267 0.377 0.356
0.205 0.427 0.368
0.164 0.448 0.388
0.611 0.198 0.19
0.174 0.42 0.406
0.199 0.397 0.404
0.264 0.374 0.361
0.147 0.392 0.461
0.18 0.423 0.397
0.261 0.39 0.35
0.169 0.446 0.385
0.126 0.458 0.416
0.118 0.445 0.437
0.148 0.472 0.38
0.259 0.414 0.327
0.171 0.44 0.39
0.232 0.406 0.362
0.191 0.438 0.371
0.222 0.363 0.414
0.279 0.369 0.351
0.123 0.466 0.411
0.176 0.439 0.386
0.358 0.321 0.321
0.367 0.301 0.333
0.478 0.264 0.259
0.267 0.395 0.339
0.247 0.373 0.38
0.16 0.431 0.41
0.211 0.395 0.394
0.17 0.371 0.459
0.289 0.361 0.35
0.23 0.413 0.357
0.221 0.409 0.37
